170	175	180	185	190	195	200	205	210	215	220	225	230	235	240	245	250	255
0	0	0	0	0	0	0	0	0	0	0	0	0	0	0	0	0	0
-4.8	-2.4	-4.8	-4.8	-4.8	-4.8	-4.8	-4.8	-7.2	-12	-9.6	-9.6	-14.4	-12	-12	-12	-12	-12
-27.34	-27.34	-41.02	-50.78	-50.78	-56.64	-60.55	-78.12	-76.17	-103.52	-113.28	-109.37	-128.91	-121.09	-125	-142.58	-152.34	-154.3
-58.59	-62.5	-78.12	-95.7	-103.52	-115.23	-132.81	-158.2	-162.11	-216.8	-218.75	-238.28	-265.62	-263.67	-255.86	-318.36	-330.08	-339.84
-72.27	-74.22	-93.75	-134.77	-126.95	-162.11	-195.31	-205.08	-238.28	-283.2	-281.25	-328.06	-337.89	-359.37	-333.98	-402.34	-417.97	-435.55
-72.27	-76.17	-109.37	-158.2	-167.97	-201.17	-232.42	-253.91	-275.39	-304.69	-328.12	-375	-371.09	-402.34	-400.39	-476.56	-492.19	-515.62
-62.5	-74.22	-126.95	-156.25	-189.45	-224.61	-238.28	-273.44	-300.78	-326.17	-339.84	-382.89	-392.58	-437.5	-421.87	-505.86	-513.67	-537.11
-58.59	-89.84	-146.48	-166.02	-201.17	-226.56	-253.91	-289.06	-310.55	-322.27	-359.37	-412.11	-394.53	-447.27	-509.77	-492.19	-533.2	-562.5
-64.45	-101.56	-150.39	-164.06	-208.98	-228.52	-248.05	-289.06	-300.78	-349.61	-363.28	-408.2	-427.73	-455.08	-556.64	-519.53	-554.69	-591.8
-72.27	-107.42	-156.25	-173.83	-195.31	-218.75	-261.72	-283.2	-318.36	-347.66	-373.05	-417.97	-427.73	-468.75	-544.92	-513.67	-552.73	-638.67
-80.08	-113.28	-152.34	-169.92	-197.27	-226.56	-253.91	-289.06	-300.78	-343.75	-375	-421.79	-472.66	-498.05	-550.78	-597.66	-642.58	-687.5
-80.08	-119.14	-138.7	-154.3	-205.08	-216.8	-242.19	-281.25	-320.31	-351.56	-390.62	-418.05	-498.05	-634.77	-570.31	-626.95	-671.87	-658.2
-78.12	-123.05	-140.6	-162.11	-191.41	-208.98	-257.81	-283.2	-324.22	-369.14	-423.83	-470.61	-513.67	-460.94	-533.2	-576.17	-617.19	-666.02
-82.03	-107.42	-136.72	-166.02	-193.36	-214.84	-255.86	-292.97	-316.41	-378.91	-419.92	-488.38	-494.14	-513.67	-544.92	-615.23	-650.39	-667.97
-87.89	-97.66	-138.67	-187.5	-187.5	-210.94	-250	-291.02	-347.66	-396.48	-433.59	-425.78	-519.53	-552.73	-533.2	-609.37	-611.33	-638.67
-85.94	-93.75	-136.72	-185.55	-197.27	-210.94	-263.67	-310.55	-363.28	-382.81	-416.02	-472.66	-490.23	-533.2	-652.34	-576.17	-611.33	-660.16
-76.17	-101.56	-119.14	-173.83	-195.31	-210.94	-265.62	-326.17	-361.33	-390.62	-431.64	-478.52	-476.56	-505.86	-625	-572.27	-626.95	-781.25
-60.55	-105.47	-126.95	-185.55	-181.64	-210.94	-277.34	-333.98	-349.61	-388.67	-439.45	-484.37	-460.94	-513.67	-570.31	-634.77	-728.52	-691.41
-54.69	-107.42	-128.91	-189.45	-189.45	-222.66	-292.97	-335.94	-357.42	-400.39	-429.69	-472.66	-482.42	-556.64	-578.12	-689.45	-679.69	-701.17
-58.61	-107.42	-125	-177.73	-193.36	-220.7	-289.06	-314.45	-359.37	-400.39	-417.97	-460.94	-574.22	-605.47	-544.92	-644.53	-646.48	-654.3
-60.53	-101.56	-138.67	-171.87	-193.36	-234.37	-308.59	-337.89	-382.81	-384.77	-419.92	-456.94	-541.02	-562.5	-552.73	-611.33	-632.81	-664.06
-64.45	-87.89	-138.67	-162.11	-199.22	-248.05	-287.11	-332.03	-363.28	-398.44	-449.22	-501.95	-515.62	-546.87	-615.23	-595.7	-626.95	-746.09
-60.55	-85.94	-128.91	-164.06	-197.27	-246.09	-289.06	-343.75	-363.28	-378.91	-482.42	-504.01	-519.53	-542.97	-621.09	-576.17	-650.39	-708.98
-60.55	-97.66	-126.95	-197.27	-222.66	-261.72	-298.83	-341.8	-355.47	-392.58	-476.56	-501.95	-480.47	-533.2	-595.7	-630.86	-736.33	-703.12
-60.55	-99.61	-126.95	-197.27	-222.66	-257.81	-302.73	-326.17	-361.33	-443.36	-427.73	-486.33	-484.37	-513.67	-558.59	-701.17	-654.3	-693.36
-66.41	-99.61	-126.95	-191.41	-216.8	-240.23	-302.73	-328.12	-349.61	-408.2	-455.08	-480.47	-468.75	-603.52	-589.84	-609.37	-654.3	-656.25
-70.31	-107.42	-128.91	-181.64	-218.75	-242.19	-289.06	-326.17	-390.62	-410.16	-423.83	-468.75	-541.02	-564.45	-562.5	-617.19	-650.39	-660.16
-72.27	-111.33	-128.91	-187.5	-189.45	-255.86	-289.06	-306.64	-396.48	-417.97	-427.73	-468.66	-550.78	-562.5	-531.25	-607.42	-609.37	-699.22
-54.69	-109.37	-121.09	-187.5	-220.7	-267.58	-285.16	-326.17	-369.14	-396.48	-423.83	-472.66	-513.67	-546.87	-580.08	-593.75	-623.05	-755.86
-42.97	-93.75	-113.28	-171.87	-214.84	-259.77	-273.44	-363.28	-369.14	-388.67	-408.2	-539.17	-503.91	-548.83	-642.58	-578.12	-736.33	-707.03
-33.2	-101.56	-125	-179.69	-214.84	-248.05	-275.39	-349.61	-375	-386.72	-494.14	-480.47	-513.67	-539.06	-585.94	-654.3	-664.06	-673.83
-27.34	-105.47	-130.86	-181.64	-244.14	-250	-314.45	-347.66	-355.47	-378.91	-458.98	-470.61	-503.91	-509.77	-603.52	-681.64	-681.64	-671.87
-27.34	-97.66	-140.62	-181.64	-232.42	-238.28	-318.36	-314.45	-353.52	-386.72	-431.64	-464.94	-480.47	-527.34	-562.5	-644.53	-621.09	-681.64
-33.2	-105.47	-156.25	-171.87	-230.47	-251.95	-316.41	-339.84	-345.7	-433.59	-429.69	-492.19	-460.94	-613.28	-566.41	-613.28	-634.77	-777.34
-44.92	-107.42	-144.53	-164.06	-226.56	-246.09	-304.69	-332.03	-345.7	-425.78	-431.64	-464.84	-519.53	-574.22	-564.45	-601.56	-648.44	
-50.78	-103.52	-146.48	-193.36	-218.75	-226.56	-294.92	-316.41	-347.66	-396.48	-451.17	-472.66	-568.36	-560.55	-632.81	-585.94	-732.42	
-60.55	-85.94	-152.34	-193.36	-216.8	-267.58	-296.87	-316.41	-351.56	-386.72	-427.73	-474.51	-521.48	-560.55		-664.06		
-66.41	-78.12	-126.95	-189.45	-212.89	-271.48	-292.97	-312.5	-410.16	-394.53	-414.06	-458.98	-531.25	-519.53		-535.16		
-66.41	-83.98	-164.06	-187.5	-222.66	-271.48	-292.97	-316.41	-384.77	-398.44	-417.97	-504.01	-511.72	-529.3				
-70.31	-85.94	-158.2	-187.5	-207.03	-273.44	-281.25	-312.5	-347.66	-400.39	-427.73	-488.28	-496.09	-521.48				
-80.08	-91.8	-154.3	-197.27	-203.12	-263.67	-289.06	-328.12	-349.61	-388.67	-478.52	-492.19	-494.14	-634.77				
-83.98	-91.8	-152.34	-189.45	-238.28	-253.91	-287.11	-369.14	-345.7	-380.86	-478.52	-498.05	-482.42					
-83.98	-93.75	-160.16	-166.02	-240.23	-253.91	-275.39	-341.8	-365.23	-380.86	-421.87	-457.03	-595.7					
-68.36	-107.42	-177.73	-189.45	-226.56	-255.86	-281.25	-308.59	-369.14	-396.48	-462.89	-478.52						
-60.55	-99.61	-175.78	-185.55	-236.33	-253.91	-308.59	-339.84	-343.75	-439.45	-435.55	-484.37						
-58.59	-83.98	-169.92	-195.31	-232.42	-244.14	-328.12	-316.41	-349.61	-429.69	-431.64	-458.98						
-62.5	-70.31	-162.11	-181.64	-218.75	-253.91	-312.5	-333.98	-349.61	-400.39	-433.59	-521.48						
-66.41	-68.36	-156.25	-177.73	-214.84	-250	-285.16	-341.8	-333.98	-427.73	-412.11							
-66.41	-74.22	-162.11	-183.59	-222.66	-242.19	-304.69	-324.22	-386.72	-421.87	-464.84							
-66.41	-78.12	-154.3	-185.55	-232.42	-246.09	-283.2	-326.17	-388.67	-398.44	-498.05							
-70.31	-95.7	-146.48	-189.45	-216.8	-236.33	-291.02	-318.36	-390.62	-406.25								
-78.12	-109.37	-150.39	-185.55	-220.7	-269.53	-310.55	-320.31	-371.09	-394.53								
-82.03	-107.42	-152.34	-175.78	-222.66	-289.06	-294.92	-324.22	-378.91	-398.44								
-76.17	-138.67	-158.2	-185.55	-218.75	-265.62	-294.92	-355.47	-386.72	-468.75								
-60.55	-128.91	-154.3	-173.83	-220.7	-261.72	-283.2	-363.28	-357.42	-388.67								
-48.83	-121.09	-132.81	-173.83	-210.94	-255.86	-287.11	-347.66	-363.28									
-41.02	-128.91	-136.72	-201.17	-218.75	-265.62	-289.06	-330.08	-367.19									
-42.97	-134.77	-148.44	-205.08	-212.89	-246.09	-273.44	-349.61	-353.52									
-52.73	-148.44	-164.06	-201.17	-232.42	-248.05	-314.45	-339.84	-363.28									
-60.55	-156.25	-160.16	-189.45	-251.95	-267.58	-326.17	-339.84	-431.64									
-70.31	-138.67	-144.53	-195.31	-234.37	-255.86	-310.55	-318.36	-335.94									
-72.27	-138.67	-152.34	-169.92	-236.33	-255.86	-322.27	-330.08										
-74.22	-132.81	-156.25	-193.36	-230.47	-253.91	-289.06	-330.08										
-82.03	-134.77	-166.02	-193.36	-212.89	-240.23	-314.45	-312.5										
-89.84	-134.77	-169.92	-173.83	-230.47	-244.14	-314.45	-328.12										
-97.66	-132.81	-138.67	-187.5	-214.84	-250	-296.87	-386.72										
-91.8	-121.09	-160.19	-207.03	-224.61	-232.42	-296.87	-302.73										
-74.22	-119.14	-156.22	-203.12	-242.19	-257.81	-285.16											
-66.41	-130.86	-164.06	-201.17	-234.37	-277.34	-292.97											
-70.31	-134.77	-166.02	-195.31	-230.47	-277.34	-289.06											
-82.03	-138.67	-154.3	-193.36	-232.42	-277.34	-277.34											
-89.84	-140.62	-150.39	-193.36	-218.75	-273.44	-322.27											
-89.84	-119.14	-152.34	-185.55	-222.66	-255.86	-330.08											
-85.94	-99.61	-158.2	-191.41	-220.7	-267.58	-248.05											
-85.94	-103.52	-166.02	-199.22	-226.56	-277.34												
-109.37	-107.42	-158.2	-187.5	-212.89	-269.53												
-97.66	-121.09	-156.25	-179.69	-226.56	-255.86												
-87.89	-119.14	-150.39	-187.5	-255.86	-257.81												
-87.89	-111.33	-156.25	-214.84	-240.23	-248.05												
-97.66	-95.7	-154.3	-210.94	-246.09	-253.91												
-97.66	-87.89	-138.67	-197.27	-250	-248.05												
-105.47	-103.52	-140.62	-201.17	-232.42	-238.28												
-113.28	-103.52	-162.11	-207.03	-228.52	-255.86												
-125	-93.75	-164.06	-203.12	-240.23	-308.59												
-115.23	-125	-169.92	-183.59	-248.05	-267.58												
-97.66	-126.95	-162.11	-197.27	-236.33													
-95.7	-109.37	-156.25	-210.94	-226.56													
-91.8	-125	-158.2	-208.98	-232.42													
-93.75	-117.19	-152.34	-193.36	-228.52													
-93.75	-125	-136.72	-195.31	-220.7													
-95.7	-121.09	-162.11	-193.36	-224.61													
-99.61	-130.86	-152.34	-199.22	-218.75													
-87.89	-128.91	-146.48	-191.41	-216.8													
-72.27	-113.28	-144.53	-183.59	-244.14													
-74.22	-107.42	-162.11	-187.5	-257.81													
-82.03	-111.33	-169.92	-179.69	-230.47													
-85.94	-119.14	-167.97	-173.83														
-87.89	-119.14	-158.2	-177.73														
-87.89	-125	-154.3	-216.8														
-99.61	-125	-160.16	-210.94														
-95.7	-113.28	-156.25	-177.73														
-85.94	-117.19	-150.39															
-70.31	-117.19	-150.39															
-56.64	-111.33	-150.39															
-66.41	-117.19	-156.25															
-70.31	-115.23	-158.2															
-70.31	-93.75	-150.39															
-72.27	-83.98	-130.86															
-78.12	-85.94	-140.62															
-83.98	-95.7	-160.16															
-83.98	-107.42	-162.11															
-74.22	-103.52	-160.16															
-58.59	-105.47	-150.39															
-46.88	-107.42	-154.3															
-46.88	-99.61	-164.06															
-54.69	-82.03	-175.78															
-70.31	-64.45	-146.48															
-82.03	-64.45	-167.97															
-89.84	-68.36	-160.16															
-85.94	-78.12	-166.02															
-93.75	-70.31	-171.87															
-97.66	-91.8	-160.16															
-103.52	-111.33	-154.3															
-89.84	-95.7	-148.44															
-56.64	-119.14	-154.3															
-72.27	-107.42	-160.16															
-72.28	-103.52	-156.25															
-78.11	-111.33	-150.39															
-80.08	-125	-144.53															
-78.12	-128.91	-146.48															
-85.94	-142.58	-144.53															
-93.75	-130.86	-132.81															
-87.89	-132.81	-119.14															
-78.12	-126.95	-115.23															
-66.41	-125	-128.91															
-68.36	-126.95	-152.34															
-82.03	-128.91	-156.25															
-85.94	-125	-148.44															
-87.89	-117.19	-126.95															
-85.94	-113.28	-113.28															
-95.7	-126.95																
-101.56	-125																
-89.84	-132.81																
-80.08	-134.77																
-76.17	-115.23																
-82.03	-105.47																
-83.98	-107.42																
-78.12	-117.19																
-80.08	-123.05																
-87.89	-121.09																
-83.98	-117.19																
-74.22	-97.66																
-58.59	-97.66																
-50.78	-105.47																
-56.64	-111.33																
-68.36	-91.8																
-78.12	-134.77																
-78.12	-142.58																
-85.94	-119.14																
-87.89	-128.91																
-89.84	-132.81																
-99.61	-128.91																
-95.7	-138.67																
-76.17	-140.62																
-68.36	-121.09																
-66.41	-115.23																
-78.12	-119.14																
-82.03	-121.09																
-82.03	-126.95																
-83.98	-128.91																
-83.98	-132.81																
-66.41	-121.09																
-93.75	-119.14																
-80.08	-123.05																
-72.27	-121.09																
-68.36	-125																
-74.22	-111.33																
-82.03	-91.8																
-85.94	-82.03																
-89.84	-83.98																
-105.47	-91.8																
-109.37	-97.66																
-97.66	-103.52																
-83.98	-105.47																
-80.08	-97.66																
-83.98	-83.98																
-85.94																	
-87.89																	
-89.84																	
-93.75																	
-97.66																	
-85.94																	
-74.22																	
-74.22																	
-80.08																	
-89.84																	
-87.89																	
-87.89																	
-97.66																	
-97.66																	
-89.84																	
-74.22																	
-62.5																	
-64.45																	
-72.27																	
-78.12																	
-80.08																	
-83.98																	
-93.75																	
-91.8																	
-78.12																	
-64.45																	
-54.69																	
-60.55																	
-72.27																	
-87.89																	
-91.8																	
-91.8																	
-99.61																	
-107.42																	
-101.56																	
-68.36																	
-80.08																	
-82.05																	
-85.92																	
-85.94																	
-87.89																	
-93.75																	
-93.75																	
-91.8																	
-76.17																	
-68.36																	
-70.31																	
-80.08																	
-85.94																	
-82.03																	
-85.94																	
-91.8																	
-93.75																	
-87.89																	
-72.27																	
-62.5																	
-68.36																	
-72.27																	
-70.31																	
-68.36																	
-70.31																	
-76.17																	
-74.22																	
-66.41																	
-48.83																	
-35.16																	
-29.3																	
-27.34																	
-29.3																	
-39.06																	
-46.88																	
-58.59																	
-66.41																	
-64.45																	
-66.41																	
-70.31																	
-74.22																	
-78.12																	
-72.27																	
-64.45																	